4 个字节 137
            N
0x01 0x20  0x4E  0x36  0x46      17974
 1   32    78    54    70

0x01
0x20
0x4E

0000 0001    1
0010 0000    32
0100 1110    78 = 64 + 8 + 4 + 2

0011 0110    54 = 32 + 16 + 4 + 2
0100 0110    70 = 64 + 4 + 2

124
0x
16*7
1 + 32 + 78 = 111 = 64 + 32 + 8 + 4 + 2 + 1
00000000 01101111

00000001 00100000 
01001110 00000000
01001111 00100000

10110000 11011111



0120
4E00
5020

7000



01100110 01100000
01010101 01010101
10001111 00001100

# 前面两个字节和
01100110 01100000
01010101 01010101
10111011 10110101

# 上面和与第三个字节相加
  10111011 10110101
  10001111 00001100
1 01001010 11000001  # 溢出
  


0 1 2 3 4 5 6 7 8 9 A B C D E F
11

主动请求:
0x1B 0x20 0x4D 0x38 0x38 0x0D

1B 27 20 36 32 0D
1B 27 21 36 33 0D
1B 27 22 36 34 0D

0x1B
0x27
0x20
0x64


404
[32, 48, 56, 48, 53, 48, 48, 56, 70, 55, 48, 48, 57, 68, 65, 48, 48, 65, 67, 57, 48, 48, 66, 66, 57, 48, 48, 67, 65, 49, 48, 48, 68, 55, 70, 48, 48, 69, 54, 49, 48, 48, 70, 50, 65, 48, 48, 70, 69, 70, 48, 49, 48, 67, 48, 48, 49, 49, 56, 70, 48, 49, 50, 49, 69, 48, 49, 50, 54, 69, 48, 49, 50, 55, 66, 48, 49, 50, 53, 65, 48, 49, 50, 51, 67, 48, 49, 50, 48, 65, 48, 49, 49, 67, 48, 48, 49, 49, 56, 48, 48, 33, 48, 48, 54, 56, 48, 48, 48, 54, 51, 48, 48, 48, 54, 51, 48, 48, 48, 54, 56, 48, 48, 48, 54, 54, 48, 48, 48, 53, 70, 48, 48, 48, 54, 52, 48, 48, 48, 54, 49, 48, 48, 48, 53, 57, 48, 48, 48, 53, 65, 48, 48, 48, 53, 66, 48, 48, 48, 53, 48, 48, 48, 48, 51, 68, 48, 48, 48, 50, 49, 48, 70, 70, 70, 68, 48, 70, 70, 70, 52, 48, 70, 70, 70, 51, 48, 70, 70, 69, 53, 48, 70, 70, 69, 48, 48, 70, 70, 69, 52, 48, 34, 48, 48, 49, 52, 48, 48, 48, 49, 54, 48, 48, 48, 49, 56, 48, 48, 48, 49, 65, 48, 48, 48, 49, 67, 48, 48, 48, 49, 70, 48, 48, 48, 50, 49, 48, 48, 48, 50, 51, 48, 48, 48, 50, 53, 48, 48, 48, 50, 55, 48, 48, 48, 50, 57, 48, 48, 48, 50, 65, 48, 48, 48, 50, 66, 48, 48, 48, 50, 65, 48, 48, 48, 50, 65, 48, 48, 48, 50, 65, 48, 48, 48, 50, 57, 48, 48, 48, 50, 56, 48, 48, 48, 50, 56, 48, 48, 48, 50, 55, 48, 45, 48, 56, 48, 52, 48, 48, 56, 70, 54, 48, 48, 57, 68, 57, 48, 48, 65, 67, 56, 48, 48, 66, 66, 57, 48, 48, 67, 65, 49, 48, 48, 68, 55, 70, 48, 48, 69, 54, 48, 48, 48, 70, 50, 57, 48, 48, 70, 69, 69, 48, 49, 48, 66, 70, 48, 49, 49, 56, 69, 48, 49, 50, 49, 68, 48, 49, 50, 54, 69, 48, 49, 50, 55, 65, 48, 49, 50, 53, 57, 48, 49, 50, 51, 67, 48, 49, 50, 48, 57, 48, 49, 49, 66, 70, 48, 49, 49, 55, 68, 48]

0x1B 27
0x20 32
0x4D 77

0x88
16 * 8 + 8 = 128 + 8 = 136

4 * 16 = 64











27
39
45
111

6f

96 + 15